13:28:21 7E 02 00 00 2A 01 31 00 00 01 05 C9 1F 00 00 00 00 00 00 1C 00 02 3A C2 40 06 86 CD BC 01 F4 02 58 00 00 19 04 13 13 28 21 01 04 00 00 C3 50 02 02 00 C8 03 02 02 BC C7 7E
13:28:21 7E 02 00 00 2A 01 31 00 00 23 54 C9 20 00 00 00 00 00 00 1C 00 02 3A C2 40 06 86 CD BC 01 F4 02 58 00 00 19 04 13 13 28 21 01 04 00 00 C3 50 02 02 00 C8 03 02 02 BC 8B 7E
13:28:21 7E 02 00 00 2A 01 31 00 00 01 16 C9 22 00 00 00 00 00 00 1C 00 02 3A C2 40 06 86 CD BC 01 F4 02 58 00 00 19 04 13 13 28 21 01 04 00 00 C3 50 02 02 00 C8 03 02 02 BC E9 7E
13:28:21 7E 02 00 00 2A 01 31 00 00 22 91 C9 24 00 00 00 00 00 00 1C 00 02 3A C2 40 06 86 CD BC 01 F4 02 58 00 00 19 04 13 13 28 21 01 04 00 00 C3 50 02 02 00 C8 03 02 02 BC 4B 7E
13:28:21 7E 02 00 00 2A 01 31 00 00 17 19 C9 26 00 00 00 00 00 00 1C 00 02 3A C2 40 06 86 CD BC 01 F4 02 58 00 00 19 04 13 13 28 21 01 04 00 00 C3 50 02 02 00 C8 03 02 02 BC F4 7E
13:28:21 7E 02 00 00 2A 01 31 00 00 00 19 C9 28 00 00 00 00 00 00 1C 00 02 3A C2 40 06 86 CD BC 01 F4 02 58 00 00 19 04 13 13 28 21 01 04 00 00 C3 50 02 02 00 C8 03 02 02 BC ED 7E
13:28:21 7E 02 00 00 2A 01 31 00 00 06 23 C9 2A 00 00 00 00 00 00 1C 00 02 3A C2 40 06 86 CD BC 01 F4 02 58 00 00 19 04 13 13 28 21 01 04 00 00 C3 50 02 02 00 C8 03 02 02 BC D3 7E
13:28:21 7E 02 00 00 2A 01 31 00 00 11 87 C9 2C 00 00 00 00 00 00 1C 00 02 3A C2 40 06 86 CD BC 01 F4 02 58 00 00 19 04 13 13 28 21 01 04 00 00 C3 50 02 02 00 C8 03 02 02 BC 66 7E
13:28:21 7E 02 00 00 2A 01 31 00 00 08 57 C9 2D 00 00 00 00 00 00 1C 00 02 3A C2 40 06 86 CD BC 01 F4 02 58 00 00 19 04 13 13 28 21 01 04 00 00 C3 50 02 02 00 C8 03 02 02 BC AE 7E
13:28:21 7E 02 00 00 2A 01 31 00 00 22 10 C9 21 00 00 00 00 00 00 1C 00 02 3A C2 40 06 86 CD BC 01 F4 02 58 00 00 19 04 13 13 28 21 01 04 00 00 C3 50 02 02 00 C8 03 02 02 BC CF 7E
13:28:21 7E 02 00 00 2A 01 31 00 00 28 81 C9 27 00 00 00 00 00 00 1C 00 02 3A C2 40 06 86 CD BC 01 F4 02 58 00 00 19 04 13 13 28 21 01 04 00 00 C3 50 02 02 00 C8 03 02 02 BC 52 7E
13:28:21 7E 02 00 00 2A 01 31 00 00 08 15 C9 2E 00 00 00 00 00 00 1C 00 02 3A C2 40 06 86 CD BC 01 F4 02 58 00 00 19 04 13 13 28 21 01 04 00 00 C3 50 02 02 00 C8 03 02 02 BC EF 7E
13:28:21 7E 02 00 00 2A 01 31 00 00 14 46 C9 2F 00 00 00 00 00 00 1C 00 02 3A C2 40 06 86 CD BC 01 F4 02 58 00 00 19 04 13 13 28 21 01 04 00 00 C3 50 02 02 00 C8 03 02 02 BC A1 7E
13:28:21 7E 02 00 00 2A 01 31 00 00 17 26 C9 2B 00 00 00 00 00 00 1C 00 02 3A C2 40 06 86 CD BC 01 F4 02 58 00 00 19 04 13 13 28 21 01 04 00 00 C3 50 02 02 00 C8 03 02 02 BC C6 7E
13:28:21 7E 02 00 00 2A 01 31 00 00 20 85 C9 32 00 00 00 00 00 00 1C 00 02 3A C2 40 06 86 CD BC 01 F4 02 58 00 00 19 04 13 13 28 21 01 04 00 00 C3 50 02 02 00 C8 03 02 02 BC 4B 7E
13:28:21 7E 02 00 00 2A 01 31 00 00 06 85 C9 33 00 00 00 00 00 00 1C 00 02 3A C2 40 06 86 CD BC 01 F4 02 58 00 00 19 04 13 13 28 21 01 04 00 00 C3 50 02 02 00 C8 03 02 02 BC 6C 7E
13:28:21 7E 02 00 00 2A 01 31 00 00 17 45 C9 30 00 00 00 00 00 00 1C 00 02 3A C2 40 06 86 CD BC 01 F4 02 58 00 00 19 04 13 13 28 21 01 04 00 00 C3 50 02 02 00 C8 03 02 02 BC BE 7E
13:28:21 7E 02 00 00 2A 01 31 00 00 23 06 C9 29 00 00 00 00 00 00 1C 00 02 3A C2 40 06 86 CD BC 01 F4 02 58 00 00 19 04 13 13 28 21 01 04 00 00 C3 50 02 02 00 C8 03 02 02 BC D0 7E
13:28:21 7E 02 00 00 2A 01 31 00 00 00 20 C9 31 00 00 00 00 00 00 1C 00 02 3A C2 40 06 86 CD BC 01 F4 02 58 00 00 19 04 13 13 28 21 01 04 00 00 C3 50 02 02 00 C8 03 02 02 BC CD 7E
13:28:21 7E 02 00 00 2A 01 31 00 00 02 18 C9 35 00 00 00 00 00 00 1C 00 02 3A C2 40 06 86 CD BC 01 F4 02 58 00 00 19 04 13 13 28 21 01 04 00 00 C3 50 02 02 00 C8 03 02 02 BC F3 7E
13:28:21 7E 02 00 00 2A 01 31 00 00 19 32 C9 36 00 00 00 00 00 00 1C 00 02 3A C2 40 06 86 CD BC 01 F4 02 58 00 00 19 04 13 13 28 21 01 04 00 00 C3 50 02 02 00 C8 03 02 02 BC C1 7E
13:28:21 7E 02 00 00 2A 01 31 00 00 10 62 C9 34 00 00 00 00 00 00 1C 00 02 3A C2 40 06 86 CD BC 01 F4 02 58 00 00 19 04 13 13 28 21 01 04 00 00 C3 50 02 02 00 C8 03 02 02 BC 9A 7E
13:28:21 7E 02 00 00 2A 01 31 00 00 27 07 C9 25 00 00 00 00 00 00 1C 00 02 3A C2 40 06 86 CD BC 01 F4 02 58 00 00 19 04 13 13 28 21 01 04 00 00 C3 50 02 02 00 C8 03 02 02 BC D9 7E
13:28:21 7E 02 00 00 2A 01 31 00 00 11 46 C9 23 00 00 00 00 00 00 1C 00 02 3A C2 40 06 86 CD BC 01 F4 02 58 00 00 19 04 13 13 28 21 01 04 00 00 C3 50 02 02 00 C8 03 02 02 BC A8 7E
13:28:21 7E 02 00 00 2A 01 31 00 00 11 50 C9 37 00 00 00 00 00 00 1C 00 02 3A C2 40 06 86 CD BC 01 F4 02 58 00 00 19 04 13 13 28 21 01 04 00 00 C3 50 02 02 00 C8 03 02 02 BC AA 7E
13:28:21 7E 02 00 00 2A 01 31 00 00 28 78 C9 3C 00 00 00 00 00 00 1C 00 02 3A C2 40 06 86 CD BC 01 F4 02 58 00 00 19 04 13 13 28 21 01 04 00 00 C3 50 02 02 00 C8 03 02 02 BC B0 7E
13:28:21 7E 02 00 00 2A 01 31 00 00 26 11 C9 3B 00 00 00 00 00 00 1C 00 02 3A C2 40 06 86 CD BC 01 F4 02 58 00 00 19 04 13 13 28 21 01 04 00 00 C3 50 02 02 00 C8 03 02 02 BC D0 7E
13:28:21 7E 02 00 00 2A 01 31 00 00 03 77 C9 39 00 00 00 00 00 00 1C 00 02 3A C2 40 06 86 CD BC 01 F4 02 58 00 00 19 04 13 13 28 21 01 04 00 00 C3 50 02 02 00 C8 03 02 02 BC 91 7E
13:28:21 7E 02 00 00 2A 01 31 00 00 04 58 C9 38 00 00 00 00 00 00 1C 00 02 3A C2 40 06 86 CD BC 01 F4 02 58 00 00 19 04 13 13 28 21 01 04 00 00 C3 50 02 02 00 C8 03 02 02 BC B8 7E
13:28:21 7E 02 00 00 2A 01 31 00 00 07 37 C9 3A 00 00 00 00 00 00 1C 00 02 3A C2 40 06 86 CD BC 01 F4 02 58 00 00 19 04 13 13 28 21 01 04 00 00 C3 50 02 02 00 C8 03 02 02 BC D6 7E
13:28:21 7E 02 00 00 2A 01 31 00 00 10 74 C9 3D 00 00 00 00 00 00 1C 00 02 3A C2 40 06 86 CD BC 01 F4 02 58 00 00 19 04 13 13 28 21 01 04 00 00 C3 50 02 02 00 C8 03 02 02 BC 85 7E
13:28:21 7E 02 00 00 2A 01 31 00 00 04 72 C9 3E 00 00 00 00 00 00 1C 00 02 3A C2 40 06 86 CD BC 01 F4 02 58 00 00 19 04 13 13 28 21 01 04 00 00 C3 50 02 02 00 C8 03 02 02 BC 94 7E
13:28:21 7E 02 00 00 2A 01 31 00 00 27 90 C9 3F 00 00 00 00 00 00 1C 00 02 3A C2 40 06 86 CD BC 01 F4 02 58 00 00 19 04 13 13 28 21 01 04 00 00 C3 50 02 02 00 C8 03 02 02 BC 54 7E
13:28:21 7E 02 00 00 2A 01 31 00 00 06 61 C9 40 00 00 00 00 00 00 1C 00 02 3A C2 40 06 86 CD BC 01 F4 02 58 00 00 19 04 13 13 28 21 01 04 00 00 C3 50 02 02 00 C8 03 02 02 BC FB 7E
13:28:21 7E 02 00 00 2A 01 31 00 00 17 03 C9 41 00 00 00 00 00 00 1C 00 02 3A C2 40 06 86 CD BC 01 F4 02 58 00 00 19 04 13 13 28 21 01 04 00 00 C3 50 02 02 00 C8 03 02 02 BC 89 7E
00:00:28 7E 00 02 00 00 06 47 13 96 92 01 00 C6 93 7E
00:00:50 7E 00 02 00 00 06 46 28 01 23 45 03 96 98 7E
00:01:27 7E 00 02 00 00 06 46 28 62 24 44 00 11 79 7E
00:01:44 7E 00 02 00 00 06 46 06 86 48 71 02 4F B6 7E
00:01:51 7E 00 02 00 00 06 47 13 96 92 01 00 C8 9D 7E
00:02:23 7E 00 02 00 00 06 46 06 86 48 60 31 AE 75 7E
00:02:42 7E 00 02 00 00 06 47 13 96 92 01 00 C9 9C 7E
00:02:55 7E 00 02 00 00 06 46 28 01 23 45 03 98 96 7E
00:02:58 7E 07 02 00 54 06 46 28 01 23 45 03 99 01 19 04 11 16 08 57 00 10 D5 C5 D0 A1 C3 CF 00 00 00 00 00 00 00 00 00 00 31 33 32 31 38 33 31 39 38 30 30 32 32 31 33 33 31 31 00 00 22 00 00 00 00 00 00 00 00 00 00 00 00 00 00 00 00 00 00 00 00 00 00 00 00 00 00 00 00 00 00 00 00 00 00 20 99 12 30 4F 7E
00:03:28 7E 00 02 00 00 06 47 13 96 92 01 00 CA 9F 7E
00:03:46 7E 00 02 00 00 06 46 28 01 23 45 03 9A 94 7E
00:04:27 7E 00 02 00 00 06 46 28 62 24 44 00 26 4E 7E
00:04:28 7E 00 02 00 00 06 46 18 19 85 43 26 8D 2E 7E
00:04:36 7E 00 02 00 00 06 46 28 01 23 45 03 9B 95 7E
00:04:46 7E 00 02 00 00 06 46 06 86 48 71 02 50 A9 7E
00:04:56 7E 00 02 00 00 06 47 13 96 92 01 00 CC 99 7E
00:05:22 7E 00 02 00 00 06 46 06 86 48 60 31 B5 6E 7E
00:05:42 7E 00 02 00 00 06 47 13 96 92 01 00 CD 98 7E
00:05:43 7E 00 02 00 00 06 46 28 01 23 45 03 9D 93 7E
00:05:58 7E 07 02 00 54 06 46 28 01 23 45 03 9E 01 19 04 11 16 08 57 00 10 D5 C5 D0 A1 C3 CF 00 00 00 00 00 00 00 00 00 00 31 33 32 31 38 33 31 39 38 30 30 32 32 31 33 33 31 31 00 00 22 00 00 00 00 00 00 00 00 00 00 00 00 00 00 00 00 00 00 00 00 00 00 00 00 00 00 00 00 00 00 00 00 00 00 20 99 12 30 48 7E
00:06:28 7E 00 02 00 00 06 47 13 96 92 01 00 CE 9B 7E
00:06:51 7E 00 02 00 00 06 46 28 01 23 45 03 9F 91 7E
00:07:27 7E 00 02 00 00 06 46 28 62 24 44 00 31 59 7E
00:07:38 7E 00 02 00 00 06 46 28 01 23 45 03 A0 AE 7E
00:07:44 7E 00 02 00 00 06 46 06 86 48 71 02 52 AB 7E
00:08:02 7E 00 02 00 00 06 47 13 96 92 01 00 D0 85 7E
00:08:20 7E 00 02 00 00 06 46 06 86 48 60 31 BC 67 7E
00:08:43 7E 00 02 00 00 06 46 28 01 23 45 03 A2 AC 7E
00:08:48 7E 00 02 00 00 06 47 13 96 92 01 00 D1 84 7E
00:08:58 7E 07 02 00 54 06 46 28 01 23 45 03 A3 01 19 04 11 16 08 57 00 10 D5 C5 D0 A1 C3 CF 00 00 00 00 00 00 00 00 00 00 31 33 32 31 38 33 31 39 38 30 30 32 32 31 33 33 31 31 00 00 22 00 00 00 00 00 00 00 00 00 00 00 00 00 00 00 00 00 00 00 00 00 00 00 00 00 00 00 00 00 00 00 00 00 00 20 99 12 30 75 7E
00:09:34 7E 00 02 00 00 06 47 13 96 92 01 00 D2 87 7E
00:09:43 7E 00 02 00 00 06 46 28 01 23 45 03 A4 AA 7E
00:10:28 7E 00 02 00 00 06 46 28 01 23 45 03 A5 AB 7E
00:10:44 7E 00 02 00 00 06 46 06 86 48 71 02 54 AD 7E
00:10:51 7E 00 02 00 00 06 47 13 96 92 01 00 D4 81 7E
00:11:20 7E 00 02 00 00 06 46 06 86 48 60 31 C3 18 7E
00:11:37 7E 00 02 00 00 06 47 13 96 92 01 00 D5 80 7E
00:11:53 7E 00 02 00 00 06 46 28 01 23 45 03 A7 A9 7E
00:11:59 7E 07 02 00 54 06 46 28 01 23 45 03 A8 01 19 04 11 16 08 57 00 10 D5 C5 D0 A1 C3 CF 00 00 00 00 00 00 00 00 00 00 31 33 32 31 38 33 31 39 38 30 30 32 32 31 33 33 31 31 00 00 22 00 00 00 00 00 00 00 00 00 00 00 00 00 00 00 00 00 00 00 00 00 00 00 00 00 00 00 00 00 00 00 00 00 00 20 99 12 30 7D 02 7E
00:12:28 7E 00 02 00 00 06 47 13 96 92 01 00 D6 83 7E
00:12:52 7E 00 02 00 00 06 46 28 01 23 45 03 A9 A7 7E
00:13:40 7E 00 02 00 00 06 46 28 01 23 45 03 AA A4 7E
00:13:44 7E 00 02 00 00 06 46 06 86 48 71 02 55 AC 7E
00:13:51 7E 00 02 00 00 06 47 13 96 92 01 00 D8 8D 7E
00:14:20 7E 00 02 00 00 06 46 06 86 48 60 31 CA 11 7E
00:14:37 7E 00 02 00 00 06 47 13 96 92 01 00 D9 8C 7E
00:14:51 7E 00 02 00 00 06 46 28 01 23 45 03 AC A2 7E
00:14:58 7E 07 02 00 54 06 46 28 01 23 45 03 AD 01 19 04 11 16 08 57 00 10 D5 C5 D0 A1 C3 CF 00 00 00 00 00 00 00 00 00 00 31 33 32 31 38 33 31 39 38 30 30 32 32 31 33 33 31 31 00 00 22 00 00 00 00 00 00 00 00 00 00 00 00 00 00 00 00 00 00 00 00 00 00 00 00 00 00 00 00 00 00 00 00 00 00 20 99 12 30 7B 7E
00:15:28 7E 00 02 00 00 06 47 13 96 92 01 00 DA 8F 7E
00:15:45 7E 00 02 00 00 06 46 28 01 23 45 03 AE A0 7E
00:16:38 7E 00 02 00 00 06 46 28 01 23 45 03 AF A1 7E
00:16:44 7E 00 02 00 00 06 46 06 86 48 71 02 57 AE 7E
00:16:51 7E 00 02 00 00 06 47 13 96 92 01 00 DC 89 7E
00:17:16 7E 00 02 00 00 04 01 74 53 88 23 24 94 3B 7E
00:17:20 7E 00 02 00 00 06 46 06 86 48 60 31 D1 0A 7E
00:17:42 7E 00 02 00 00 06 47 13 96 92 01 00 DD 88 7E
00:17:43 7E 00 02 00 00 06 46 28 01 23 45 03 B1 BF 7E
00:17:58 7E 07 02 00 54 06 46 28 01 23 45 03 B2 01 19 04 11 16 08 57 00 10 D5 C5 D0 A1 C3 CF 00 00 00 00 00 00 00 00 00 00 31 33 32 31 38 33 31 39 38 30 30 32 32 31 33 33 31 31 00 00 22 00 00 00 00 00 00 00 00 00 00 00 00 00 00 00 00 00 00 00 00 00 00 00 00 00 00 00 00 00 00 00 00 00 00 20 99 12 30 64 7E
00:18:34 7E 00 02 00 00 06 47 13 96 92 01 00 DE 8B 7E
00:18:43 7E 00 02 00 00 06 46 28 01 23 45 03 B3 BD 7E
00:19:33 7E 00 02 00 00 06 46 28 01 23 45 03 B4 BA 7E
00:19:44 7E 00 02 00 00 06 46 06 86 48 71 02 58 A1 7E
00:19:51 7E 00 02 00 00 06 47 13 96 92 01 00 E0 B5 7E
00:20:21 7E 00 02 00 00 06 46 06 86 48 60 31 D8 03 7E
00:20:42 7E 00 02 00 00 06 47 13 96 92 01 00 E1 B4 7E
00:20:46 7E 00 02 00 00 06 46 28 01 23 45 03 B6 B8 7E
00:20:58 7E 07 02 00 54 06 46 28 01 23 45 03 B7 01 19 04 11 16 08 57 00 10 D5 C5 D0 A1 C3 CF 00 00 00 00 00 00 00 00 00 00 31 33 32 31 38 33 31 39 38 30 30 32 32 31 33 33 31 31 00 00 22 00 00 00 00 00 00 00 00 00 00 00 00 00 00 00 00 00 00 00 00 00 00 00 00 00 00 00 00 00 00 00 00 00 00 20 99 12 30 61 7E
00:21:28 7E 00 02 00 00 06 47 13 96 92 01 00 E2 B7 7E
00:21:48 7E 00 02 00 00 06 46 28 01 23 45 03 B8 B6 7E
00:22:33 7E 00 02 00 00 06 46 28 01 23 45 03 B9 B7 7E
00:22:44 7E 00 02 00 00 06 46 06 86 48 71 02 5A A3 7E
00:22:56 7E 00 02 00 00 06 47 13 96 92 01 00 E4 B1 7E
00:23:23 7E 00 02 00 00 06 46 06 86 48 60 31 DF 04 7E
00:23:42 7E 00 02 00 00 06 47 13 96 92 01 00 E5 B0 7E
00:23:52 7E 00 02 00 00 06 46 28 01 23 45 03 BB B5 7E
00:23:58 7E 07 02 00 54 06 46 28 01 23 45 03 BC 01 19 04 11 16 08 57 00 10 D5 C5 D0 A1 C3 CF 00 00 00 00 00 00 00 00 00 00 31 33 32 31 38 33 31 39 38 30 30 32 32 31 33 33 31 31 00 00 22 00 00 00 00 00 00 00 00 00 00 00 00 00 00 00 00 00 00 00 00 00 00 00 00 00 00 00 00 00 00 00 00 00 00 20 99 12 30 6A 7E
00:24:17 7E 00 02 00 00 06 46 18 19 85 29 20 14 DB 7E
00:24:28 7E 00 02 00 00 06 47 13 96 92 01 00 E6 B3 7E
00:24:50 7E 00 02 00 00 06 46 28 01 23 45 03 BD B3 7E